0,555
0,472
3,2
10,149
10,303
10,105
10,237
10,119
10,177
10,75
10,3
9,2
9,3
8,5
8,10
234,4
234,3
234,2
234,1
234,0
224,3
224,2
224,1
223,3
223,2
223,1
222,6
222,5
222,4
222,3
222,1
221,3
221,1
220,3
220,1
216,4
216,3
216,2
216,1
205,3
205,2
205,1
20,3
20,2
20,1
19,3
19,2
19,1
12,3
12,2
12,1
11,28
11,27
11,26
11,25
11,24
11,23
11,22
11,21
11,20
11,19
11,18
11,17
11,16
11,15
11,14
11,13
11,12
11,11
11,10
11,9
11,8
11,7
11,6
11,5
11,4
11,3
11,2
11,1
10,302
10,300
10,296
10,295
10,291
18,1
10,290
18,3
10,289
10,287
14,1
10,283
14,3
13,1
10,280
13,3
10,279
10,278
10,277
10,276
10,274
10,271
10,263
10,262
10,261
10,260
10,259
10,256
10,253
10,249
10,244
10,243
10,241
10,234
10,233
10,203
10,197
10,165
10,103
